t,S,E,I,R
0.000000,0.999000000000,0.000000000000,0.001000000000,0.000000000000
1.000000,0.998500500000,0.000499500000,0.000857142857,0.000142857143
2.000000,0.998072962604,0.000760928786,0.000901193878,0.000264914733
3.000000,0.997623959776,0.000957014479,0.001026094824,0.000392930922
4.000000,0.997113207908,0.001149838043,0.001198514675,0.000538439373
5.000000,0.996517155679,0.001364086102,0.001410577641,0.000708180579
6.000000,0.995816263490,0.001612223143,0.001663761916,0.000907751450
7.000000,0.994990349893,0.001903216016,0.001963489357,0.001142944733
8.000000,0.994016654767,0.002245637159,0.002317396216,0.001420311858
9.000000,0.992868780815,0.002648856656,0.002734885334,0.001747477195
10.000000,0.991515877291,0.003123595571,0.003227139648,0.002133387491
11.000000,0.989921842089,0.003682277147,0.003807318222,0.002588562543
12.000000,0.988044460307,0.004339325165,0.004490841334,0.003125373194
13.000000,0.985834447522,0.005111458894,0.005295734294,0.003758359290
14.000000,0.983234385751,0.006017997909,0.006243020455,0.004504595885
15.000000,0.980177550919,0.007081174797,0.007357159693,0.005384114592
16.000000,0.976586640533,0.008326444582,0.008666528478,0.006420386406
17.000000,0.972372422667,0.009782771021,0.010203934509,0.007640871803
18.000000,0.967432344303,0.011482859607,0.012007153253,0.009077642838
19.000000,0.961649160347,0.013463293948,0.014119465514,0.010768080191
20.000000,0.954889675859,0.015764515376,0.016590163661,0.012755645103
21.000000,0.947003734831,0.018430564918,0.019474978740,0.015090721511
22.000000,0.937823640473,0.021508482080,0.022836360559,0.017831516888
23.000000,0.927164254546,0.025047227451,0.026743517363,0.021045000640
24.000000,0.914824095412,0.029095968304,0.031272090700,0.024807845584
25.000000,0.900587831070,0.033701543245,0.036503305272,0.029207320413
26.000000,0.884230634865,0.038904911758,0.042522395125,0.034342058253
27.000000,0.865524920477,0.044736410057,0.049416071169,0.040322598297
28.000000,0.844249972814,0.051209693906,0.057268769116,0.047271564163
29.000000,0.820204905564,0.058314374322,0.066157414354,0.055323305760
30.000000,0.793225158369,0.066007567444,0.076144479935,0.064622794252
31.000000,0.763202348542,0.074204903541,0.087269219568,0.075323528349
32.000000,0.730106677708,0.082771972359,0.099537156048,0.087584193885
33.000000,0.694010263249,0.091517686061,0.112908219780,0.101563830910
34.000000,0.655108788653,0.100191522374,0.127284369451,0.117415319522
35.000000,0.613737919918,0.108486902792,0.142498062225,0.135277115065
36.000000,0.570380309999,0.116052834013,0.158303497124,0.155263358864
37.000000,0.525659090183,0.122515154890,0.174372989825,0.177452765102
38.000000,0.480314888550,0.127507143519,0.190300947670,0.201877020261
39.000000,0.435165787041,0.130706951581,0.205617479176,0.228509782201
40.000000,0.391052995162,0.131876813798,0.219812537440,0.257257653600
41.000000,0.348778635081,0.130897051436,0.232369684310,0.287954629174
42.000000,0.309044761210,0.127787491621,0.242806365601,0.320361381568
43.000000,0.272403445986,0.122710678719,0.250715572484,0.354170302811
44.000000,0.239225882629,0.115955012100,0.255802621702,0.389016483569
45.000000,0.209694377237,0.107900645378,0.257911060730,0.424493916655
46.000000,0.183816124637,0.098975013216,0.257033505276,0.460175356871
47.000000,0.161453427619,0.089606793565,0.253306104166,0.495633674650
48.000000,0.142362758720,0.080186431754,0.246988449045,0.530462360481
49.000000,0.126235101767,0.071038599658,0.238433195480,0.564293103095
50.000000,0.112731790920,0.062408385787,0.228050843631,0.596808979662
51.000000,0.101512594004,0.054459880536,0.216274946946,0.627752578514
52.000000,0.092255148641,0.047283902465,0.203531819466,0.656929129428
53.000000,0.084666525346,0.040911030773,0.190217146078,0.684205297804
54.000000,0.078488547998,0.035326532925,0.176680278324,0.709504640752
55.000000,0.073498707076,0.030484711203,0.163215749539,0.732800832182
56.000000,0.069508307306,0.026321214085,0.150060784291,0.754109694318
57.000000,0.066359125709,0.022762711611,0.137397267421,0.773480895259
58.000000,0.063919470179,0.019733922344,0.125356656898,0.790989950579
59.000000,0.062080200388,0.017162313776,0.114026537170,0.806730948667
60.000000,0.060751027026,0.014980937656,0.103457803118,0.820810232199
61.000000,0.059857238286,0.013129875667,0.093671762844,0.833341123203
62.000000,0.059336898137,0.011556716959,0.084666707660,0.844439677244
63.000000,0.059138501595,0.010216407877,0.076423702695,0.854221387833
64.000000,0.059219042533,0.009070730216,0.068911500174,0.862798727077
65.000000,0.059542438132,0.008087590008,0.062090576888,0.870279394973
66.000000,0.060078253075,0.007240238838,0.055916357811,0.876765150276
67.000000,0.060800670829,0.006506504440,0.050341719641,0.882351105090
68.000000,0.061687665955,0.005868074789,0.045318880220,0.887125379036
69.000000,0.062720338473,0.005309857832,0.040800779404,0.891169024292
70.000000,0.063882378096,0.004819424568,0.036742049243,0.894556148093
71.000000,0.065159632117,0.004386534453,0.033099659921,0.897354173508
72.000000,0.066539755871,0.004002737134,0.029833315226,0.899624191769
73.000000,0.068011928928,0.003661042179,0.026905658762,0.901421370132
74.000000,0.069566623641,0.003355647661,0.024282340618,0.902795388080
75.000000,0.071195415438,0.003081718666,0.021931984036,0.903790881860
76.000000,0.072890826483,0.002835207468,0.019826083015,0.904447883034
77.000000,0.074646196100,0.002612708101,0.017938854597,0.904802241202
78.000000,0.076455572721,0.002411339029,0.016247063784,0.904886024466
79.000000,0.078313623231,0.002228648636,0.014729834348,0.904727893785
80.000000,0.080215556440,0.002062539106,0.013368455177,0.904353449276
81.000000,0.082157058088,0.001911205106,0.012146188901,0.903785547904
82.000000,0.084134235303,0.001773084311,0.011048087427,0.903044592959
83.000000,0.086143568885,0.001646817401,0.010060817327,0.902148796387
84.000000,0.088181872068,0.001531215623,0.009172496842,0.901114415467
85.000000,0.090246254714,0.001425234387,0.008372545358,0.899955965542
86.000000,0.092334092065,0.001327951688,0.007651545579,0.898686410668
87.000000,0.094442997358,0.001238550382,0.007001118202,0.897317334058
88.000000,0.096570797719,0.001156303549,0.006413808586,0.895859090146
89.000000,0.098715512880,0.001080562338,0.005882984733,0.894320940049
90.000000,0.100875336308,0.001010745820,0.005402745789,0.892711172083
91.000000,0.103048618442,0.000946332446,0.004967840235,0.891037208877
92.000000,0.105233851738,0.000886852834,0.004573592921,0.889305702507
93.000000,0.107429657318,0.000831883622,0.004215840115,0.887522618944
94.000000,0.109634773008,0.000781042211,0.003890871782,0.885693312999
95.000000,0.111848042607,0.000733982230,0.003595380360,0.883822594803
96.000000,0.114068406246,0.000690389614,0.003326415337,0.881914788802
97.000000,0.116294891699,0.000649979191,0.003081343018,0.879973786093
98.000000,0.118526606558,0.000612491687,0.002857810888,0.878003090867
99.000000,0.120762731165,0.000577691105,0.002653716086,0.876005861645
100.000000,0.123002512223,0.000545362404,0.002467177489,0.873984947884
101.000000,0.125245257017,0.000515309451,0.002296511030,0.871942922502
102.000000,0.127490328180,0.000487353191,0.002140207843,0.869882110787
103.000000,0.129737138939,0.000461330027,0.001996914929,0.867804616105
104.000000,0.131985148818,0.000437090366,0.001865418043,0.865712342772
105.000000,0.134233859716,0.000414497317,0.001744626540,0.863607016427
106.000000,0.136482812360,0.000393425522,0.001633559950,0.861490202169
107.000000,0.138731583061,0.000373760109,0.001531336083,0.859363320747
108.000000,0.140979780778,0.000355395746,0.001437160489,0.857227662988
109.000000,0.143227044433,0.000338235782,0.001350317096,0.855084402689
110.000000,0.145473040463,0.000322191485,0.001270159914,0.852934608138
111.000000,0.147717460596,0.000307181336,0.001196105660,0.850779252409
112.000000,0.149960019812,0.000293130402,0.001127627201,0.848619222584
113.000000,0.152200454485,0.000279969767,0.001064247735,0.846455328013
114.000000,0.154438520684,0.000267636006,0.001005535600,0.844288307711
115.000000,0.156673992620,0.000256070719,0.000951099659,0.842118837002
116.000000,0.158906661225,0.000245220103,0.000900585186,0.839947533486
117.000000,0.161136332852,0.000235034561,0.000853670193,0.837774962393
118.000000,0.163362828079,0.000225468350,0.000810062162,0.835601641409
119.000000,0.165585980622,0.000216479256,0.000769495113,0.833428045009
120.000000,0.167805636327,0.000208028305,0.000731726992,0.831254608376
121.000000,0.170021652256,0.000200079494,0.000696537333,0.829081730917
122.000000,0.172233895839,0.000192599543,0.000663725164,0.826909779453
123.000000,0.174442244099,0.000185557681,0.000633107131,0.824739091089
124.000000,0.176646582938,0.000178925435,0.000604515816,0.822569975811
125.000000,0.178846806484,0.000172676450,0.000577798225,0.820402718841
126.000000,0.181042816482,0.000166786317,0.000552814438,0.818237582763
127.000000,0.183234521742,0.000161232419,0.000529436386,0.816074809452
128.000000,0.185421837627,0.000155993791,0.000507546756,0.813914621826
129.000000,0.187604685574,0.000151050987,0.000487038007,0.811757225432
130.000000,0.189782992666,0.000146385964,0.000467811478,0.809602809892
131.000000,0.191956691225,0.000141981974,0.000449776588,0.807451550213
132.000000,0.194125718441,0.000137823462,0.000432850114,0.805303607983
133.000000,0.196290016026,0.000133895978,0.000416955538,0.803159132459
134.000000,0.198449529900,0.000130186090,0.000402022454,0.801018261556
135.000000,0.200604209896,0.000126681310,0.000387986038,0.798881122756
136.000000,0.202754009485,0.000123370023,0.000374786564,0.796747833928
137.000000,0.204898885524,0.000120241421,0.000362368968,0.794618504088
138.000000,0.207038798022,0.000117285446,0.000350682446,0.792493234085
139.000000,0.209173709926,0.000114492734,0.000339680102,0.790372117238
140.000000,0.211303586914,0.000111854563,0.000329318618,0.788255239906
141.000000,0.213428397208,0.000109362811,0.000319557955,0.786142682026
142.000000,0.215548111404,0.000107009912,0.000310361089,0.784034517595
143.000000,0.217662702305,0.000104788815,0.000301693761,0.781930815119
144.000000,0.219772144771,0.000102692949,0.000293524257,0.779831638022
145.000000,0.221876415579,0.000100716194,0.000285823204,0.777737045023
146.000000,0.223975493290,0.000098852843,0.000278563382,0.775647090485
147.000000,0.226069358126,0.000097097581,0.000271719561,0.773561824732
148.000000,0.228157991858,0.000095445454,0.000265268341,0.771481294347
149.000000,0.230241377693,0.000093891849,0.000259188015,0.769405542442
150.000000,0.232319500181,0.000092432469,0.000253458439,0.767334608912
151.000000,0.234392345112,0.000091063315,0.000248060913,0.765268530660
152.000000,0.236459899433,0.000089780666,0.000242978078,0.763207341822
153.000000,0.238522151166,0.000088581063,0.000238193813,0.761151073958
154.000000,0.240579089324,0.000087461293,0.000233693147,0.759099756237
155.000000,0.242630703841,0.000086418371,0.000229462175,0.757053415613
156.000000,0.244676985504,0.000085449532,0.000225487988,0.755012076977
157.000000,0.246717925881,0.000084552215,0.000221758596,0.752975763308
158.000000,0.248753517268,0.000083724054,0.000218262868,0.750944495811
159.000000,0.250783752620,0.000082962864,0.000214990476,0.748918294040
160.000000,0.252808625503,0.000082266635,0.000211931839,0.746897176023
161.000000,0.254828130038,0.000081633522,0.000209078074,0.744881158367
162.000000,0.256842260847,0.000081061835,0.000206420951,0.742870256366
163.000000,0.258851013012,0.000080550035,0.000203952856,0.740864484097
164.000000,0.260854382020,0.000080096725,0.000201666745,0.738863854509
165.000000,0.262852363726,0.000079700644,0.000199556119,0.736868379512
166.000000,0.264844954305,0.000079360661,0.000197614983,0.734878070050
167.000000,0.266832150215,0.000079075773,0.000195837825,0.732892936187
168.000000,0.268813948154,0.000078845096,0.000194219584,0.730912987166
169.000000,0.270790345022,0.000078667864,0.000192755628,0.728938231486
170.000000,0.272761337886,0.000078543424,0.000191441731,0.726968676960
171.000000,0.274726923940,0.000078471234,0.000190274053,0.725004330773
172.000000,0.276687100472,0.000078450859,0.000189249124,0.723045199546
173.000000,0.278641864828,0.000078481968,0.000188363821,0.721091289382
174.000000,0.280591214379,0.000078564335,0.000187615360,0.719142605926
175.000000,0.282535146483,0.000078697834,0.000187001277,0.717199154405
176.000000,0.284473658456,0.000078882440,0.000186519421,0.715260939684
177.000000,0.286406747538,0.000079118224,0.000186167936,0.713327966302
178.000000,0.288334410857,0.000079405359,0.000185945258,0.711400238526
179.000000,0.290256645398,0.000079744114,0.000185850102,0.709477760385
180.000000,0.292173447971,0.000080134856,0.000185881459,0.707560535714
181.000000,0.294084815173,0.000080578051,0.000186038584,0.705648568192
182.000000,0.295990743360,0.000081074262,0.000186320994,0.703741861384
183.000000,0.297891228610,0.000081624153,0.000186728463,0.701840418775
184.000000,0.299786266687,0.000082228487,0.000187261019,0.699944243807
185.000000,0.301675853008,0.000082888132,0.000187918941,0.698053339919
186.000000,0.303559982609,0.000083604058,0.000188702755,0.696167710578
187.000000,0.305438650102,0.000084377341,0.000189613238,0.694287359318
188.000000,0.307311849645,0.000085209167,0.000190651413,0.692412289775
189.000000,0.309179574898,0.000086100830,0.000191818553,0.690542505719
190.000000,0.311041818985,0.000087053743,0.000193116179,0.688678011093
191.000000,0.312898574452,0.000088069432,0.000194546068,0.686818810047
192.000000,0.314749833229,0.000089149549,0.000196110250,0.684964906973
193.000000,0.316595586578,0.000090295867,0.000197811016,0.683116306539
194.000000,0.318435825056,0.000091510292,0.000199650922,0.681273013731
195.000000,0.320270538460,0.000092794864,0.000201632792,0.679435033884
196.000000,0.322099715785,0.000094151764,0.000203759729,0.677602372722
197.000000,0.323923345166,0.000095583318,0.000206035117,0.675775036398
198.000000,0.325741413830,0.000097092004,0.000208462635,0.673953031530
199.000000,0.327553908035,0.000098680460,0.000211046260,0.672136365245
200.000000,0.329360813015,0.000100351487,0.000213790281,0.670325045217
201.000000,0.331162112918,0.000102108062,0.000216699308,0.668519079713
202.000000,0.332957790740,0.000103953341,0.000219778284,0.666718477634
203.000000,0.334747828260,0.000105890674,0.000223032500,0.664923248566
204.000000,0.336532205968,0.000107923605,0.000226467606,0.663133402821
205.000000,0.338310902990,0.000110055891,0.000230089626,0.661348951493
206.000000,0.340083897011,0.000112291509,0.000233904976,0.659569906504
207.000000,0.341851164193,0.000114634664,0.000237920483,0.657796280661
208.000000,0.343612679086,0.000117089806,0.000242143397,0.656028087710
209.000000,0.345368414542,0.000119661641,0.000246581418,0.654265342398
210.000000,0.347118341613,0.000122355144,0.000251242715,0.652508060527
211.000000,0.348862429452,0.000125175574,0.000256135947,0.650756259027
212.000000,0.350600645208,0.000128128487,0.000261270289,0.649009956016
213.000000,0.352332953911,0.000131219757,0.000266655457,0.647269170875
214.000000,0.354059318353,0.000134455591,0.000272301740,0.645533924317
215.000000,0.355779698962,0.000137842545,0.000278220021,0.643804238472
216.000000,0.357494053673,0.000141387547,0.000284421819,0.642080136960
217.000000,0.359202337782,0.000145097919,0.000290919313,0.640361644986
218.000000,0.360904503799,0.000148981395,0.000297725384,0.638648789422
219.000000,0.362600501294,0.000153046146,0.000304853651,0.636941598909
220.000000,0.364290276727,0.000157300807,0.000312318512,0.635240103954
221.000000,0.365973773275,0.000161754503,0.000320135184,0.633544337038
222.000000,0.367650930644,0.000166416876,0.000328319754,0.631854332726
223.000000,0.369321684873,0.000171298116,0.000336889224,0.630170127787
224.000000,0.370985968126,0.000176408992,0.000345861564,0.628491761318
225.000000,0.372643708469,0.000181760888,0.000355255766,0.626819274877
226.000000,0.374294829637,0.000187365839,0.000365091905,0.625152712619
227.000000,0.375939250789,0.000193236565,0.000375391198,0.623492121447
228.000000,0.377576886239,0.000199386520,0.000386176073,0.621837551168
229.000000,0.379207645183,0.000205829926,0.000397470236,0.620189054655
230.000000,0.380831431402,0.000212581827,0.000409298749,0.618546688022
231.000000,0.382448142948,0.000219658132,0.000421688108,0.616910510812
232.000000,0.384057671815,0.000227075672,0.000434666327,0.615280586187
233.000000,0.385659903582,0.000234852250,0.000448263028,0.613656981140
234.000000,0.387254717047,0.000243006705,0.000462509536,0.612039766713
235.000000,0.388841983826,0.000251558969,0.000477438980,0.610429018225
236.000000,0.390421567935,0.000260530140,0.000493086401,0.608824815524
237.000000,0.391993325345,0.000269942543,0.000509488866,0.607227243245
238.000000,0.393557103511,0.000279819813,0.000526685590,0.605636391086
239.000000,0.395112740867,0.000290186969,0.000544718063,0.604052354101
240.000000,0.396660066300,0.000301070503,0.000563630186,0.602475233011
241.000000,0.398198898583,0.000312498462,0.000583468423,0.600905134532
242.000000,0.399729045779,0.000324500550,0.000604281945,0.599342171727
243.000000,0.401250304603,0.000337108222,0.000626122803,0.597786464372
244.000000,0.402762459756,0.000350354798,0.000649046095,0.596238139351
245.000000,0.404265283204,0.000364275566,0.000673110157,0.594697331073
246.000000,0.405758533426,0.000378907911,0.000698376752,0.593164181911
247.000000,0.407241954610,0.000394291438,0.000724911282,0.591638842670
248.000000,0.408715275803,0.000410468102,0.000752783006,0.590121473089
249.000000,0.410178210005,0.000427482358,0.000782065278,0.588612242359
250.000000,0.411630453218,0.000445381307,0.000812835786,0.587111329690
251.000000,0.413071683427,0.000464214853,0.000845176824,0.585618924897
252.000000,0.414501559531,0.000484035875,0.000879175562,0.584135229032
253.000000,0.415919720201,0.000504900404,0.000914924344,0.582660455051
254.000000,0.417325782676,0.000526867808,0.000952521001,0.581194828514
255.000000,0.418719341489,0.000550000992,0.000992069175,0.579738588345
256.000000,0.420099967112,0.000574366604,0.001033678671,0.578291987613
257.000000,0.421467204534,0.000600035257,0.001077465824,0.576855294385
258.000000,0.422820571744,0.000627081759,0.001123553887,0.575428792610
259.000000,0.424159558135,0.000655585355,0.001172073442,0.574012783068
260.000000,0.425483622821,0.000685629980,0.001223162830,0.572607584369
261.000000,0.426792192847,0.000717304529,0.001276968610,0.571213534014
262.000000,0.428084661317,0.000750703136,0.001333646033,0.569830989515
263.000000,0.429360385405,0.000785925463,0.001393359549,0.568460329583
264.000000,0.430618684269,0.000823077005,0.001456283339,0.567101955387
265.000000,0.431858836848,0.000862269411,0.001522601864,0.565756291877
266.000000,0.433080079551,0.000903620809,0.001592510449,0.564423789191
267.000000,0.434281603821,0.000947256149,0.001666215893,0.563104924138
268.000000,0.435462553583,0.000993307554,0.001743937100,0.561800201763
269.000000,0.436622022566,0.001041914688,0.001825905747,0.560510156999
270.000000,0.437759051502,0.001093225122,0.001912366965,0.559235356412
271.000000,0.438872625189,0.001147394722,0.002003580058,0.557976400031
272.000000,0.439961669435,0.001204588035,0.002099819243,0.556733923288
273.000000,0.441025047865,0.001264978680,0.002201374410,0.555508599045
274.000000,0.442061558605,0.001328749747,0.002308551911,0.554301139737
275.000000,0.443069930837,0.001396094193,0.002421675364,0.553112299607
276.000000,0.444048821232,0.001467215230,0.002541086471,0.551942877067
277.000000,0.444996810272,0.001542326713,0.002667145861,0.550793717154
278.000000,0.445912398454,0.001621653509,0.002800233928,0.549665714109
279.000000,0.446794002404,0.001705431853,0.002940751679,0.548559814064
280.000000,0.447639950897,0.001793909675,0.003089121581,0.547477017847
281.000000,0.448448480816,0.001887346900,0.003245788390,0.546418383894
282.000000,0.449217733048,0.001986015703,0.003411219967,0.545385031282
283.000000,0.449945748363,0.002090200719,0.003585908063,0.544378142855
284.000000,0.450630463286,0.002200199189,0.003770369056,0.543398968469
285.000000,0.451269706006,0.002316321037,0.003965144635,0.542448828322
286.000000,0.451861192353,0.002438888851,0.004170802413,0.541529116382
287.000000,0.452402521892,0.002568237777,0.004387936448,0.540641303884
288.000000,0.452891174186,0.002704715275,0.004617167643,0.539786942896
289.000000,0.453324505285,0.002848680754,0.004859144023,0.538967669937
290.000000,0.453699744508,0.003000505033,0.005114540843,0.538185209616
291.000000,0.454013991598,0.003160569626,0.005384060496,0.537441378281
292.000000,0.454264214332,0.003329265815,0.005668432205,0.536738087648
293.000000,0.454447246689,0.003506993495,0.005968411447,0.536077348369
294.000000,0.454559787679,0.003694159738,0.006284779072,0.535461273511
295.000000,0.454598400946,0.003891177079,0.006618340070,0.534892081905
296.000000,0.454559515299,0.004098461459,0.006969921943,0.534372101300
297.000000,0.454439426283,0.004316429809,0.007340372628,0.533903771280
298.000000,0.454234298978,0.004545497236,0.007730557903,0.533489645883
299.000000,0.453940172172,0.004786073765,0.008141358234,0.533132395829
300.000000,0.453552964093,0.005038560623,0.008573664979,0.532834810305
301.000000,0.453068479909,0.005303345997,0.009028375904,0.532599798189
302.000000,0.452482421165,0.005580800272,0.009506389917,0.532430388646
303.000000,0.451790397395,0.005871270678,0.010008600972,0.532329730955
304.000000,0.450987940109,0.006175075357,0.010535891059,0.532301093475
305.000000,0.450070519367,0.006492496807,0.011089122217,0.532347861609
306.000000,0.449033563161,0.006823774703,0.011669127503,0.532473534634
307.000000,0.447872479812,0.007169098086,0.012276700856,0.532681721247
308.000000,0.446582683560,0.007528596952,0.012912585810,0.532976133678
309.000000,0.445159623534,0.007902333246,0.013577463011,0.533360580209
310.000000,0.443598816236,0.008290291325,0.014271936520,0.533838955918
311.000000,0.441895881645,0.008692367956,0.014996518888,0.534415231510
312.000000,0.440046582997,0.009108361939,0.015751615032,0.535093440032
313.000000,0.438046870236,0.009537963478,0.016537504959,0.535877661327
314.000000,0.435892927068,0.009980743463,0.017354325410,0.536772004059
315.000000,0.433581221448,0.010436142826,0.018202050554,0.537780585173
316.000000,0.431108559258,0.010903462206,0.019080471893,0.538907506643
317.000000,0.428472140806,0.011381852178,0.019989177596,0.540156829419
318.000000,0.425669619672,0.011870304311,0.020927531523,0.541532544494
319.000000,0.422699163287,0.012367643399,0.021894652266,0.543038541048
320.000000,0.419559514515,0.012872521196,0.022889392599,0.544678571690
321.000000,0.416250053351,0.013383412021,0.023910319769,0.546456214859
322.000000,0.412770857726,0.013898610620,0.024955697142,0.548374834511
323.000000,0.409122762276,0.014416232671,0.026023467757,0.550437537296
324.000000,0.405307413817,0.014934218287,0.027111240397,0.552647127500
325.000000,0.401327322171,0.015450338890,0.028216278817,0.555006060123
326.000000,0.397185904909,0.015962207736,0.029335494806,0.557516392548
327.000000,0.392887524556,0.016467294349,0.030465445746,0.560179735349
328.000000,0.388437516775,0.016962943015,0.031602337327,0.562997202883
329.000000,0.383842208147,0.017446395394,0.032742032047,0.565969364412
330.000000,0.379108922205,0.017914817203,0.033880064029,0.569096196563
331.000000,0.374245972588,0.018365328748,0.035011660616,0.572377038048
332.000000,0.369262642367,0.018795038988,0.036131771063,0.575810547582
333.000000,0.364169148883,0.019201082620,0.037235102479,0.579394666018
334.000000,0.358976593740,0.019580659536,0.038316162998,0.583126583726
335.000000,0.353696897980,0.019931075863,0.039369311939,0.587002714218
336.000000,0.348342722840,0.020249785663,0.040388816473,0.591018675024
337.000000,0.342927376935,0.020534432260,0.041368914103,0.595169276702
338.000000,0.337464711094,0.020782888107,0.042303879984,0.599448520815
339.000000,0.331969002490,0.020993292056,0.043188097927,0.603849607527
340.000000,0.326454830082,0.021164082932,0.044016133670,0.608364953316
341.000000,0.320936943659,0.021294028340,0.044782808885,0.612986219115
342.000000,0.315430129052,0.021382247800,0.045483274206,0.617704348943
343.000000,0.309949072208,0.021428229393,0.046113079538,0.622509618861
344.000000,0.304508224904,0.021431839371,0.046668239878,0.627391695847
345.000000,0.299121674820,0.021393324357,0.047145294924,0.632339705900
346.000000,0.293803022581,0.021313306026,0.047541360911,0.637342310482
347.000000,0.288565268131,0.021192768451,0.047854173265,0.642387790152
348.000000,0.283420708510,0.021033038470,0.048082118949,0.647464134071
349.000000,0.278380848740,0.020835759757,0.048224257637,0.652559133866
350.000000,0.273456327098,0.020602861390,0.048280331227,0.657660480285
351.000000,0.268656855609,0.020336521951,0.048250761515,0.662755860925
352.000000,0.263991176156,0.020039130235,0.048136636234,0.667833057374
353.000000,0.259467032158,0.019713243765,0.047939683994,0.672880040084
354.000000,0.255091155353,0.019361546274,0.047662238964,0.677885059410
355.000000,0.250869266892,0.018986805318,0.047307196441,0.682836731349
356.000000,0.246806091612,0.018591831057,0.046877960627,0.687724116704
357.000000,0.242905384152,0.018179437160,0.046378386128,0.692536792560
358.000000,0.239169965378,0.017752404623,0.045812714782,0.697264915217
359.000000,0.235601767510,0.017313449119,0.045185509449,0.701899273921
360.000000,0.232201886273,0.016865192359,0.044501586377,0.706431334990
361.000000,0.228970638439,0.016410137722,0.043765947681,0.710853276158
362.000000,0.225907623170,0.015950650306,0.042983715348,0.715158011176
363.000000,0.223011785702,0.015488941355,0.042160068020,0.719339204923
364.000000,0.220281482017,0.015027056931,0.041300181612,0.723391279440
365.000000,0.217714543327,0.014566870560,0.040409174644,0.727309411469
366.000000,0.215308339350,0.014110079542,0.039492058929,0.731089522179
367.000000,0.213059839529,0.013658204508,0.038553696072,0.734728259891
368.000000,0.210965671517,0.013212591821,0.037598760041,0.738222976622
369.000000,0.209022176390,0.012774418377,0.036631705880,0.741571699353
370.000000,0.207225460231,0.012344698362,0.035656744499,0.744773096907
371.000000,0.205571441825,0.011924291553,0.034677823310,0.747826443312
372.000000,0.204055896327,0.011513912770,0.033698612403,0.750731578500
373.000000,0.202674494893,0.011114142126,0.032722495840,0.753488867141
374.000000,0.201422840295,0.010725435742,0.031752567619,0.756099156343
375.000000,0.200296498655,0.010348136673,0.030791631778,0.758563732893
376.000000,0.199291027441,0.009982485799,0.029842206130,0.760884280631
377.000000,0.198401999948,0.009628632493,0.028906529092,0.763062838467
378.000000,0.197625026476,0.009286644920,0.027986569100,0.765101759504
379.000000,0.196955772450,0.008956519843,0.027084036107,0.767003671600
380.000000,0.196389973746,0.008638191855,0.026200394706,0.768771439693
381.000000,0.195923449454,0.008331541984,0.025336878461,0.770408130100
382.000000,0.195552112347,0.008036405636,0.024494505057,0.771916976960
383.000000,0.195271977277,0.007752579860,0.023674091927,0.773301350936
384.000000,0.195079167745,0.007479829944,0.022876272082,0.774564730230
385.000000,0.194969920837,0.007217895355,0.022101509861,0.775710673947
386.000000,0.194940590746,0.006966495051,0.021350116427,0.776742797776
387.000000,0.194987651051,0.006725332188,0.020622264812,0.777664751949
388.000000,0.195107695925,0.006494098280,0.019918004378,0.778480201417
389.000000,0.195297440424,0.006272476824,0.019237274607,0.779192808145
390.000000,0.195553719995,0.006060146462,0.018579918129,0.779806215415
391.000000,0.195873489326,0.005856783695,0.017945692931,0.780324034048
392.000000,0.196253820646,0.005662065210,0.017334283744,0.780749830401
393.000000,0.196691901571,0.005475669846,0.016745312564,0.781087116019
394.000000,0.197185032587,0.005297280249,0.016178348337,0.781339338827
395.000000,0.197730624237,0.005126584238,0.015632915801,0.781509875723
396.000000,0.198326194085,0.004963275926,0.015108503528,0.781602026462
397.000000,0.198969363498,0.004807056619,0.014604571189,0.781619008694
398.000000,0.199657854323,0.004657635529,0.014120556083,0.781563954065
399.000000,0.200389485465,0.004514730317,0.013655878962,0.781439905256
400.000000,0.201162169433,0.004378067491,0.013209949216,0.781249813860
401.000000,0.201973908861,0.004247382682,0.012782169444,0.780996539013
402.000000,0.202822793043,0.004122420818,0.012371939465,0.780682846674
403.000000,0.203706994498,0.004002936204,0.011978659814,0.780311409484
404.000000,0.204624765582,0.003888692530,0.011601734766,0.779884807122
405.000000,0.205574435158,0.003779462815,0.011240574928,0.779405527098
406.000000,0.206554405346,0.003675029298,0.010894599448,0.778875965908
407.000000,0.207563148346,0.003575183287,0.010563237865,0.778298430502
408.000000,0.208599203359,0.003479724979,0.010245931646,0.777675140016
409.000000,0.209661173592,0.003388463242,0.009942135452,0.777008227715
410.000000,0.210747723363,0.003301215388,0.009651318134,0.776299743114
411.000000,0.211857575313,0.003217806921,0.009372963530,0.775551654236
412.000000,0.212989507702,0.003138071277,0.009106571047,0.774765849974
413.000000,0.214142351824,0.003061849560,0.008851656085,0.773944142530
414.000000,0.215314989509,0.002988990266,0.008607750308,0.773088269917
415.000000,0.216506350730,0.002919349011,0.008374401781,0.772199898478
416.000000,0.217715411306,0.002852788259,0.008151175006,0.771280625429
417.000000,0.218941190700,0.002789177049,0.007937650853,0.770331981398
418.000000,0.220182749915,0.002728390730,0.007733426414,0.769355432941
419.000000,0.221439189472,0.002670310701,0.007538114789,0.768352385039
420.000000,0.222709647485,0.002614824148,0.007351344815,0.767324183552
421.000000,0.223993297816,0.002561823805,0.007172760748,0.766272117632
422.000000,0.225289348313,0.002511207704,0.007002021909,0.765197422074
423.000000,0.226597039130,0.002462878946,0.006838802300,0.764101279625
424.000000,0.227915641117,0.002416745473,0.006682790191,0.762984823218
425.000000,0.229244454291,0.002372719854,0.006533687703,0.761849138153
426.000000,0.230582806367,0.002330719072,0.006391210363,0.760695264197
427.000000,0.231930051371,0.002290664326,0.006255086669,0.759524197635
428.000000,0.233285568297,0.002252480837,0.006125057634,0.758336893232
429.000000,0.234648759846,0.002216097667,0.006000876346,0.757134266142
430.000000,0.236019051205,0.002181447541,0.005882307519,0.755917193736
431.000000,0.237395888895,0.002148466680,0.005769127053,0.754686517371
432.000000,0.238778739667,0.002117094643,0.005661121606,0.753443044085
433.000000,0.240167089444,0.002087274169,0.005558088162,0.752187548225
434.000000,0.241560442319,0.002058951041,0.005459833624,0.750920773016
435.000000,0.242958319592,0.002032073940,0.005366174406,0.749643432062
436.000000,0.244360258856,0.002006594318,0.005276936042,0.748356210783
437.000000,0.245765813116,0.001982466274,0.005191952809,0.747059767801
438.000000,0.247174549954,0.001959646435,0.005111067356,0.745754736255
439.000000,0.248586050728,0.001938093843,0.005034130355,0.744441725073
440.000000,0.249999909807,0.001917769854,0.004961000157,0.743121320183
441.000000,0.251415733833,0.001898638032,0.004891542467,0.741794085668
442.000000,0.252833141027,0.001880664057,0.004825630030,0.740460564886
443.000000,0.254251760510,0.001863815637,0.004763142330,0.739121281522
444.000000,0.255671231661,0.001848062420,0.004703965305,0.737776740614
445.000000,0.257091203498,0.001833375915,0.004647991068,0.736427429519
446.000000,0.258511334085,0.001819729419,0.004595117649,0.735073818847
447.000000,0.259931289962,0.001807097943,0.004545248743,0.733716363352
448.000000,0.261350745595,0.001795458146,0.004498293475,0.732355502784
449.000000,0.262769382850,0.001784788274,0.004454166170,0.730991662705
450.000000,0.264186890487,0.001775068097,0.004412786142,0.729625255274
451.000000,0.265602963664,0.001766278856,0.004374077488,0.728256679992
452.000000,0.267017303473,0.001758403209,0.004337968894,0.726886324424
453.000000,0.268429616477,0.001751425185,0.004304393455,0.725514564884
454.000000,0.269839614271,0.001745330132,0.004273288499,0.724141767098
455.000000,0.271247013058,0.001740104681,0.004244595424,0.722768286837
456.000000,0.272651533230,0.001735736703,0.004218259543,0.721394470524
457.000000,0.274052898971,0.001732215268,0.004194229938,0.720020655823
458.000000,0.275450837865,0.001729530615,0.004172459322,0.718647172198
459.000000,0.276845080519,0.001727674118,0.004152903909,0.717274341453
460.000000,0.278235360193,0.001726638254,0.004135523295,0.715902478258
461.000000,0.279621412439,0.001726416576,0.004120280338,0.714531890647
462.000000,0.281002974753,0.001727003688,0.004107141053,0.713162880506
463.000000,0.282379786232,0.001728395219,0.004096074513,0.711795744037
464.000000,0.283751587235,0.001730587802,0.004087052751,0.710430772212
465.000000,0.285118119060,0.001733579054,0.004080050673,0.709068251214
466.000000,0.286479123616,0.001737367556,0.004075045975,0.707708462852
467.000000,0.287834343112,0.001741952837,0.004072019069,0.706351684982
468.000000,0.289183519741,0.001747335358,0.004070953005,0.704998191896
469.000000,0.290526395377,0.001753516498,0.004071833409,0.703648254715
470.000000,0.291862711273,0.001760498540,0.004074648422,0.702302141765
471.000000,0.293192207762,0.001768284661,0.004079388637,0.700960118940
472.000000,0.294514623964,0.001776878921,0.004086047052,0.699622450063
473.000000,0.295829697494,0.001786286253,0.004094619018,0.698289397234
474.000000,0.297137164178,0.001796512455,0.004105102195,0.696961221172
475.000000,0.298436757763,0.001807564182,0.004117496509,0.695638181545
476.000000,0.299728209640,0.001819448942,0.004131804116,0.694320537301
477.000000,0.301011248563,0.001832175087,0.004148029366,0.693008546984
478.000000,0.302285600367,0.001845751807,0.004166178772,0.691702469055
479.000000,0.303550987699,0.001860189130,0.004186260978,0.690402562193
480.000000,0.304807129741,0.001875497914,0.004208286739,0.689109085606
481.000000,0.306053741937,0.001891689844,0.004232268890,0.687822299329
482.000000,0.307290535727,0.001908777428,0.004258222330,0.686542464514
483.000000,0.308517218276,0.001926773996,0.004286163997,0.685269843731
484.000000,0.309733492206,0.001945693694,0.004316112853,0.684004701247
485.000000,0.310939055335,0.001965551483,0.004348089868,0.682747303315
486.000000,0.312133600414,0.001986363133,0.004382118000,0.681497918453
487.000000,0.313316814865,0.002008145223,0.004418222187,0.680256817725
488.000000,0.314488380522,0.002030915134,0.004456429330,0.679024275015
489.000000,0.315647973380,0.002054691044,0.004496768280,0.677800567296
490.000000,0.316795263339,0.002079491926,0.004539269826,0.676585974909
491.000000,0.317929913954,0.002105337541,0.004583966683,0.675380781822
492.000000,0.319051582194,0.002132248427,0.004630893480,0.674185275899
493.000000,0.320159918195,0.002160245897,0.004680086744,0.672999749163
494.000000,0.321254565030,0.002189352026,0.004731584890,0.671824498054
495.000000,0.322335158470,0.002219589640,0.004785428200,0.670659823690
496.000000,0.323401326766,0.002250982305,0.004841658813,0.669506032115
497.000000,0.324452690426,0.002283554312,0.004900320704,0.668363434558
498.000000,0.325488862005,0.002317330660,0.004961459660,0.667232347676
499.000000,0.326509445905,0.002352337036,0.005025123261,0.666113093798
500.000000,0.327514038180,0.002388599796,0.005091360855,0.665006001169
501.000000,0.328502226353,0.002426145941,0.005160223522,0.663911404184
502.000000,0.329473589249,0.002465003085,0.005231764047,0.662829643619
503.000000,0.330427696836,0.002505199429,0.005306036878,0.661761066857
504.000000,0.331364110082,0.002546763725,0.005383098086,0.660706028106
505.000000,0.332282380831,0.002589725237,0.005463005316,0.659664888617
506.000000,0.333182051689,0.002634113698,0.005545817730,0.658638016883
507.000000,0.334062655942,0.002679959263,0.005631595954,0.657625788841
508.000000,0.334923717481,0.002727292460,0.005720402001,0.656628588059
509.000000,0.335764750762,0.002776144125,0.005812299201,0.655646805912
510.000000,0.336585260785,0.002826545346,0.005907352119,0.654680841750
511.000000,0.337384743100,0.002878527391,0.006005626456,0.653731103054
512.000000,0.338162683848,0.002932121630,0.006107188949,0.652798005572
513.000000,0.338918559832,0.002987359456,0.006212107262,0.651881973450
514.000000,0.339651838618,0.003044272194,0.006320449853,0.650983439335
515.000000,0.340361978683,0.003102891003,0.006432285843,0.650102844471
516.000000,0.341048429598,0.003163246770,0.006547684867,0.649240638765
517.000000,0.341710632254,0.003225370001,0.006666716904,0.648397280841
518.000000,0.342348019136,0.003289290691,0.006789452109,0.647573238064
519.000000,0.342960014651,0.003355038201,0.006915960609,0.646768986539
520.000000,0.343546035501,0.003422641110,0.007046312304,0.645985011085
521.000000,0.344105491121,0.003492127069,0.007180576630,0.645221805180
522.000000,0.344637784170,0.003563522636,0.007318822325,0.644479870869
523.000000,0.345142311092,0.003636853112,0.007461117157,0.643759718639
524.000000,0.345618462739,0.003712142351,0.007607527648,0.643061867262
525.000000,0.346065625068,0.003789412573,0.007758118768,0.642386843591
526.000000,0.346483179913,0.003868684159,0.007912953611,0.641735182317
527.000000,0.346870505830,0.003949975437,0.008072093053,0.641107425680
528.000000,0.347226979030,0.004033302458,0.008235595382,0.640504123130
529.000000,0.347551974394,0.004118678758,0.008403515909,0.639925830939
530.000000,0.347844866576,0.004206115112,0.008575906555,0.639373111757
531.000000,0.348105031196,0.004295619277,0.008752815418,0.638846534110
532.000000,0.348331846131,0.004387195727,0.008934286308,0.638346671835
533.000000,0.348524692900,0.004480845373,0.009120358268,0.637874103459
534.000000,0.348682958151,0.004576565281,0.009311065068,0.637429411500
535.000000,0.348806035245,0.004674348376,0.009506434676,0.637013181703
536.000000,0.348893325944,0.004774183145,0.009706488705,0.636626002206
537.000000,0.348944242209,0.004876053327,0.009911241843,0.636268462621
538.000000,0.348958208089,0.004979937605,0.010120701260,0.635941153046
539.000000,0.348934661730,0.005085809292,0.010334865996,0.635644662983
540.000000,0.348873057472,0.005193636013,0.010553726332,0.635379580183
541.000000,0.348772868059,0.005303379395,0.010777263146,0.635146489400
542.000000,0.348633586938,0.005414994752,0.011005447257,0.634945971053
543.000000,0.348454730665,0.005528430778,0.011238238757,0.634778599801
544.000000,0.348235841387,0.005643629248,0.011475586336,0.634644943029
545.000000,0.347976489423,0.005760524730,0.011717426609,0.634545559237
546.000000,0.347676275919,0.005879044308,0.011963683432,0.634480996340
547.000000,0.347334835568,0.005999107323,0.012214267235,0.634451789874
548.000000,0.346951839399,0.006120625133,0.012469074357,0.634458461111
549.000000,0.346526997616,0.006243500897,0.012727986398,0.634501515088
550.000000,0.346060062476,0.006367629388,0.012990869593,0.634581438544
551.000000,0.345550831188,0.006492896830,0.013257574209,0.634698697774
552.000000,0.344999148836,0.006619180780,0.013527933979,0.634853736405
553.000000,0.344404911287,0.006746350041,0.013801765576,0.635046973096
554.000000,0.343768068084,0.006874264618,0.014078868126,0.635278799172
555.000000,0.343088625296,0.007002775727,0.014359022790,0.635549576187
556.000000,0.342366648317,0.007131725846,0.014641992396,0.635859633441
557.000000,0.341602264574,0.007260948828,0.014927521145,0.636209265453
558.000000,0.340795666143,0.007390270066,0.015215334401,0.636598729390
559.000000,0.339947112240,0.007519506722,0.015505138556,0.637028242482
560.000000,0.339056931557,0.007648468020,0.015796621003,0.637497979420
561.000000,0.338125524441,0.007776955603,0.016089450199,0.638008069757
562.000000,0.337153364862,0.007904763962,0.016383275848,0.638558595328
563.000000,0.336141002176,0.008031680931,0.016677729190,0.639149587702
