t,S,E,I,R
0.000000,0.999000000000,0.000000000000,0.001000000000,0.000000000000
1.000000,0.998523128995,0.000404638324,0.000935950012,0.000136282669
2.000000,0.998048112086,0.000694789813,0.000985261343,0.000271836759
3.000000,0.997529231376,0.000941280580,0.001109744404,0.000419743640
4.000000,0.996933965585,0.001183950204,0.001292774542,0.000589309668
5.000000,0.996234943149,0.001447141301,0.001529541430,0.000788374120
6.000000,0.995405451021,0.001747843050,0.001822103523,0.001024602406
7.000000,0.994416733597,0.002100039880,0.002176956336,0.001306270187
8.000000,0.993236159648,0.002517108368,0.002603928177,0.001642803807
9.000000,0.991825772166,0.003013219437,0.003115790206,0.002045218191
10.000000,0.990140963449,0.003604242506,0.003728264878,0.002526529167
11.000000,0.988129137521,0.004308407702,0.004460270602,0.003102184175
12.000000,0.985728287423,0.005146855137,0.005334319087,0.003790538353
13.000000,0.982865454247,0.006144130729,0.006377020880,0.004613394143
14.000000,0.979455063518,0.007328646941,0.007619671925,0.005596617615
15.000000,0.975397161809,0.008733098427,0.009098898535,0.006770841229
16.000000,0.970575608208,0.010394798257,0.010857334204,0.008172259331
17.000000,0.964856316050,0.012355875219,0.012944290574,0.009843518157
18.000000,0.958085693763,0.014663243762,0.015416366961,0.011834695513
19.000000,0.950089502515,0.017368224274,0.018337917486,0.014204355725
20.000000,0.940672433863,0.020525652898,0.021781261637,0.017020651603
21.000000,0.929618810847,0.024192280065,0.025826482938,0.020362426150
22.000000,0.916694923833,0.028424221931,0.030560612872,0.024320241364
23.000000,0.901653612454,0.033273210950,0.036075947420,0.028997229176
24.000000,0.884241769680,0.038781409736,0.042467200008,0.034509620576
25.000000,0.864211431026,0.044974632402,0.049827171491,0.040986765081
26.000000,0.841334963535,0.051853991388,0.058240636695,0.048570408383
27.000000,0.815424518566,0.059386285871,0.067776236456,0.057412959107
28.000000,0.786355299792,0.067493885206,0.078476356403,0.067674458599
29.000000,0.754091301420,0.076045415325,0.090345296153,0.079517987101
30.000000,0.718711051063,0.084849141241,0.103336492631,0.093103315064
31.000000,0.680429732868,0.093651384749,0.117340125176,0.108578757207
32.000000,0.639613201974,0.102142376668,0.132173003238,0.126071418121
33.000000,0.596779268776,0.109971353630,0.147573055906,0.145676321689
34.000000,0.552582641261,0.116771308722,0.163200794604,0.167445255413
35.000000,0.507782236980,0.122191686141,0.178649609157,0.191376467723
36.000000,0.463192934310,0.125934925273,0.193465597200,0.217406543216
37.000000,0.419627426364,0.127790874886,0.207175937693,0.245405761058
38.000000,0.377836541712,0.127662533871,0.219322960796,0.275177963620
39.000000,0.338457187440,0.125577812057,0.229499561747,0.306465438757
40.000000,0.301975539992,0.121684863167,0.237380958460,0.338958638381
41.000000,0.268709702765,0.116232164235,0.242748269150,0.372309863851
42.000000,0.238811895368,0.109537714232,0.245500887686,0.406149502714
43.000000,0.212286638015,0.101953517658,0.245656724760,0.440103119567
44.000000,0.189019265156,0.093831537137,0.243341470086,0.473807727622
45.000000,0.168808694317,0.085495851131,0.238769597682,0.506925856871
46.000000,0.151399335670,0.077223566510,0.232220606184,0.539156491636
47.000000,0.136508700931,0.069234879902,0.224013961525,0.570242457643
48.000000,0.123849023939,0.061691082433,0.214485597312,0.599974296316
49.000000,0.113142622941,0.054698450107,0.203967918713,0.628191008239
50.000000,0.104131653407,0.048315777272,0.192774313007,0.654778256313
51.000000,0.096583347217,0.042563577759,0.181188373566,0.679664701458
52.000000,0.090291930943,0.037433463974,0.169457477013,0.702817128070
53.000000,0.085078302861,0.032896737616,0.157790022497,0.724234937025
54.000000,0.080788340491,0.028911678720,0.146355508512,0.743944472278
55.000000,0.077290484782,0.025429357827,0.135286630015,0.761993527376
56.000000,0.074473045432,0.022398017054,0.124682670988,0.778446266526
57.000000,0.072241510853,0.019766189085,0.114613600112,0.793378699951
58.000000,0.070516027745,0.017484775285,0.105124418453,0.806874778518
59.000000,0.069229133477,0.015508310273,0.096239438684,0.819023117566
60.000000,0.068323771462,0.013795620277,0.087966285966,0.829914322294
61.000000,0.067751587626,0.012310050645,0.080299498031,0.839638863698
62.000000,0.067471488315,0.011019402823,0.073223667232,0.848285441630
63.000000,0.067448431581,0.009895688202,0.066716113180,0.855939767037
64.000000,0.067652421151,0.008914777729,0.060749104800,0.862683696320
65.000000,0.068057673063,0.008056003055,0.055291668827,0.868594655055
66.000000,0.068641927417,0.007301746925,0.050311031144,0.873745294514
67.000000,0.069385880875,0.006637046958,0.045773740662,0.878203331506
68.000000,0.070272718925,0.006049227177,0.041646524634,0.882031529264
69.000000,0.071287730180,0.005527564703,0.037896921135,0.885287783982
70.000000,0.072417987883,0.005062994392,0.034493729808,0.888025287917
71.000000,0.073652086370,0.004647851174,0.031407316898,0.890292745558
72.000000,0.074979922425,0.004275648017,0.028609805383,0.892134624174
73.000000,0.076392513308,0.003940886432,0.026075176083,0.893591424177
74.000000,0.077881844734,0.003638895998,0.023779301164,0.894699958104
75.000000,0.079440743384,0.003365699290,0.021699927469,0.895493629856
76.000000,0.081062769511,0.003117898739,0.019816623688,0.896002708062
77.000000,0.082742126067,0.002892582210,0.018110702473,0.896254589250
78.000000,0.084473581444,0.002687244435,0.016565126188,0.896274047933
79.000000,0.086252403480,0.002499721745,0.015164402976,0.896083471800
80.000000,0.088074302800,0.002328137934,0.013894478213,0.895703081053
81.000000,0.089935383958,0.002170859360,0.012742625112,0.895151131569
82.000000,0.091832103089,0.002026457720,0.011697337199,0.894444101993
83.000000,0.093761231048,0.001893679139,0.010748224577,0.893596865236
84.000000,0.095719821178,0.001771418497,0.009885915264,0.892622845060
85.000000,0.097705181016,0.001658698038,0.009101962383,0.891534158563
86.000000,0.099714847350,0.001554649522,0.008388757652,0.890341745477
87.000000,0.101746564148,0.001458499289,0.007739451322,0.889055485241
88.000000,0.103798262979,0.001369555715,0.007147878524,0.887684302782
89.000000,0.105868045565,0.001287198633,0.006608491856,0.886236263947
90.000000,0.107954168204,0.001210870396,0.006116299910,0.884718661490
91.000000,0.110055027823,0.001140068275,0.005666811448,0.883138092455
92.000000,0.112169149456,0.001074337971,0.005255984808,0.881500527765
93.000000,0.114295174976,0.001013268065,0.004880182203,0.879811374756
94.000000,0.116431852947,0.000956485222,0.004536128488,0.878075533342
95.000000,0.118578029447,0.000903650062,0.004220874048,0.876297446443
96.000000,0.120732639774,0.000854453556,0.003931761419,0.874481145252
97.000000,0.122894700931,0.000808613892,0.003666395316,0.872630289862
98.000000,0.125063304803,0.000765873724,0.003422615742,0.870748205731
99.000000,0.127237611966,0.000725997754,0.003198473867,0.868837916413
100.000000,0.129416846048,0.000688770591,0.002992210426,0.866902172935
101.000000,0.131600288599,0.000653994863,0.002802236352,0.864943480185
102.000000,0.133787274417,0.000621489529,0.002627115453,0.862964120602
103.000000,0.135977187279,0.000591088375,0.002465548880,0.860966175466
104.000000,0.138169456050,0.000562638674,0.002316361241,0.858951544035
105.000000,0.140363551118,0.000535999980,0.002178488154,0.856921960749
106.000000,0.142558981140,0.000511043039,0.002050965110,0.854879010710
107.000000,0.144755290067,0.000487648820,0.001932917501,0.852824143612
108.000000,0.146952054407,0.000465707628,0.001823551678,0.850758686287
109.000000,0.149148880731,0.000445118307,0.001722146949,0.848683854013
110.000000,0.151345403377,0.000425787522,0.001628048402,0.846600760699
111.000000,0.153541282343,0.000407629099,0.001540660470,0.844510428087
112.000000,0.155736201357,0.000390563432,0.001459441164,0.842413794047
113.000000,0.157929866101,0.000374516942,0.001383896886,0.840311720071
114.000000,0.160122002576,0.000359421584,0.001313577786,0.838204998054
115.000000,0.162312355604,0.000345214397,0.001248073581,0.836094356418
116.000000,0.164500687444,0.000331837095,0.001187009803,0.833980465658
117.000000,0.166686776519,0.000319235693,0.001130044422,0.831863943366
118.000000,0.168870416245,0.000307360165,0.001076864809,0.829745358781
119.000000,0.171051413947,0.000296164131,0.001027185001,0.827625236922
120.000000,0.173229589866,0.000285604572,0.000980743237,0.825504062325
121.000000,0.175404776235,0.000275641569,0.000937299740,0.823382282455
122.000000,0.177576816433,0.000266238060,0.000896634713,0.821260310794
123.000000,0.179745564195,0.000257359622,0.000858546531,0.819138529652
124.000000,0.181910882892,0.000248974269,0.000822850110,0.817017292729
125.000000,0.184072644853,0.000241052270,0.000789375434,0.814896927443
126.000000,0.186230730752,0.000233565973,0.000757966216,0.812777737059
127.000000,0.188385029024,0.000226489655,0.000728478700,0.810660002621
128.000000,0.190535435341,0.000219799373,0.000700780559,0.808543984727
129.000000,0.192681852110,0.000213472837,0.000674749915,0.806429925138
130.000000,0.194824188021,0.000207489286,0.000650274433,0.804318048259
131.000000,0.196962357617,0.000201829379,0.000627250516,0.802208562488
132.000000,0.199096280904,0.000196475089,0.000605582557,0.800101661450
133.000000,0.201225882978,0.000191409608,0.000585182279,0.797997525135
134.000000,0.203351093691,0.000186617267,0.000565968113,0.795896320930
135.000000,0.205471847328,0.000182083445,0.000547864654,0.793798204573
136.000000,0.207588082315,0.000177794504,0.000530802150,0.791703321030
137.000000,0.209699740943,0.000173737717,0.000514716046,0.789611805294
138.000000,0.211806769108,0.000169901205,0.000499546563,0.787523783124
139.000000,0.213909116078,0.000166273878,0.000485238317,0.785439371727
140.000000,0.216006734265,0.000162845384,0.000471739971,0.783358680379
141.000000,0.218099579019,0.000159606060,0.000459003918,0.781281811003
142.000000,0.220187608431,0.000156546880,0.000446985987,0.779208858702
143.000000,0.222270783150,0.000153659423,0.000435645183,0.777139912244
144.000000,0.224349066215,0.000150935823,0.000424943441,0.775075054521
145.000000,0.226422422893,0.000148368742,0.000414845406,0.773014362960
146.000000,0.228490820526,0.000145951331,0.000405318227,0.770957909916
147.000000,0.230554228397,0.000143677203,0.000396331373,0.768905763027
148.000000,0.232612617589,0.000141540402,0.000387856465,0.766857985544
149.000000,0.234665960866,0.000139535378,0.000379867114,0.764814636642
150.000000,0.236714232552,0.000137656961,0.000372338784,0.762775771703
151.000000,0.238757408422,0.000135900343,0.000365248655,0.760741442580
152.000000,0.240795465597,0.000134261052,0.000358575506,0.758711697845
153.000000,0.242828382443,0.000132734935,0.000352299604,0.756686583017
154.000000,0.244856138480,0.000131318144,0.000346402600,0.754666140776
155.000000,0.246878714288,0.000130007111,0.000340867441,0.752650411160
156.000000,0.248896091430,0.000128798545,0.000335678275,0.750639431750
157.000000,0.250908252364,0.000127689405,0.000330820383,0.748633237848
158.000000,0.252915180369,0.000126676900,0.000326280098,0.746631862633
159.000000,0.254916859474,0.000125758469,0.000322044742,0.744635337315
160.000000,0.256913274384,0.000124931771,0.000318102567,0.742643691278
161.000000,0.258904410414,0.000124194681,0.000314442695,0.740656952211
162.000000,0.260890253424,0.000123545274,0.000311055067,0.738675146235
163.000000,0.262870789758,0.000122981823,0.000307930398,0.736698298021
164.000000,0.264846006182,0.000122502786,0.000305060132,0.734726430900
165.000000,0.266815889826,0.000122106805,0.000302436402,0.732759566968
166.000000,0.268780428125,0.000121792695,0.000300051995,0.730797727185
167.000000,0.270739608770,0.000121559444,0.000297900317,0.728840931469
168.000000,0.272693419646,0.000121406204,0.000295975364,0.726889198786
169.000000,0.274641848785,0.000121332287,0.000294271693,0.724942547234
170.000000,0.276584884312,0.000121337166,0.000292784399,0.723000994124
171.000000,0.278522514391,0.000121420467,0.000291509088,0.721064556054
172.000000,0.280454727181,0.000121581969,0.000290441861,0.719133248989
173.000000,0.282381510779,0.000121821603,0.000289579293,0.717207088325
174.000000,0.284302853173,0.000122139446,0.000288918418,0.715286088963
175.000000,0.286218742193,0.000122535727,0.000288456711,0.713370265368
176.000000,0.288129165458,0.000123010821,0.000288192079,0.711459631641
177.000000,0.290034110331,0.000123565250,0.000288122847,0.709554201572
178.000000,0.291933563861,0.000124199686,0.000288247749,0.707653988705
179.000000,0.293827512740,0.000124914948,0.000288565918,0.705759006394
180.000000,0.295715943245,0.000125712007,0.000289076884,0.703869267863
181.000000,0.297598841191,0.000126591987,0.000289780563,0.701984786259
182.000000,0.299476191871,0.000127556163,0.000290677257,0.700105574709
183.000000,0.301347980008,0.000128605971,0.000291767648,0.698231646373
184.000000,0.303214189695,0.000129743005,0.000293052798,0.696363014502
185.000000,0.305074804339,0.000130969022,0.000294534151,0.694499692488
186.000000,0.306929806602,0.000132285951,0.000296213528,0.692641693920
187.000000,0.308779178339,0.000133695889,0.000298093137,0.690789032635
188.000000,0.310622900540,0.000135201113,0.000300175570,0.688941722777
189.000000,0.312460953257,0.000136804084,0.000302463811,0.687099778848
190.000000,0.314293315543,0.000138507451,0.000304961241,0.685263215764
191.000000,0.316119965383,0.000140314061,0.000307671643,0.683432048913
192.000000,0.317940879615,0.000142226963,0.000310599215,0.681606294207
193.000000,0.319756033862,0.000144249417,0.000313748577,0.679785968145
194.000000,0.321565402445,0.000146384905,0.000317124779,0.677971087871
195.000000,0.323368958311,0.000148637137,0.000320733319,0.676161671234
196.000000,0.325166672937,0.000151010062,0.000324580151,0.674357736850
197.000000,0.326958516247,0.000153507879,0.000328671705,0.672559304169
198.000000,0.328744456516,0.000156135049,0.000333014898,0.670766393537
199.000000,0.330524460270,0.000158896303,0.000337617156,0.668979026271
200.000000,0.332298492183,0.000161796663,0.000342486432,0.667197224722
201.000000,0.334066514972,0.000164841445,0.000347631226,0.665421012357
202.000000,0.335828489276,0.000168036286,0.000353060608,0.663650413830
203.000000,0.337584373544,0.000171387149,0.000358784244,0.661885455064
204.000000,0.339334123902,0.000174900345,0.000364812420,0.660126163333
205.000000,0.341077694025,0.000178582552,0.000371156070,0.658372567353
206.000000,0.342815034995,0.000182440831,0.000377826808,0.656624697365
207.000000,0.344546095155,0.000186482647,0.000384836960,0.654882585238
208.000000,0.346270819952,0.000190715891,0.000392199594,0.653146264563
209.000000,0.347989151774,0.000195148904,0.000399928563,0.651415770759
210.000000,0.349701029779,0.000199790497,0.000408038540,0.649691141184
211.000000,0.351406389710,0.000204649984,0.000416545061,0.647972415246
212.000000,0.353105163704,0.000209737201,0.000425464568,0.646259634527
213.000000,0.354797280089,0.000215062542,0.000434814460,0.644552842909
214.000000,0.356482663169,0.000220636987,0.000444613139,0.642852086705
215.000000,0.358161232997,0.000226472135,0.000454880064,0.641157414804
216.000000,0.359832905136,0.000232580238,0.000465635813,0.639468878814
217.000000,0.361497590403,0.000238974239,0.000476902135,0.637786533222
218.000000,0.363155194606,0.000245667814,0.000488702023,0.636110435557
219.000000,0.364805618256,0.000252675406,0.000501059777,0.634440646561
220.000000,0.366448756269,0.000260012279,0.000514001076,0.632777230376
221.000000,0.368084497650,0.000267694556,0.000527553059,0.631120254735
222.000000,0.369712725155,0.000275739275,0.000541744405,0.629469791165
223.000000,0.371333314939,0.000284164438,0.000556605417,0.627825915205
224.000000,0.372946136178,0.000292989071,0.000572168120,0.626188706631
225.000000,0.374551050673,0.000302233276,0.000588466353,0.624558249699
226.000000,0.376147912427,0.000311918302,0.000605535875,0.622934633396
227.000000,0.377736567204,0.000322066608,0.000623414477,0.621317951712
228.000000,0.379316852052,0.000332701931,0.000642142095,0.619708303923
229.000000,0.380888594808,0.000343849364,0.000661760938,0.618105794890
230.000000,0.382451613570,0.000355535438,0.000682315613,0.616510535380
231.000000,0.384005716133,0.000367788196,0.000703853272,0.614922642399
232.000000,0.385550699404,0.000380637293,0.000726423753,0.613342239551
233.000000,0.387086348770,0.000394114082,0.000750079737,0.611769457411
234.000000,0.388612437440,0.000408251717,0.000774876917,0.610204433926
235.000000,0.390128725737,0.000423085257,0.000800874168,0.608647314838
236.000000,0.391634960364,0.000438651775,0.000828133737,0.607098254124
237.000000,0.393130873612,0.000454990479,0.000856721435,0.605557414474
238.000000,0.394616182534,0.000472142832,0.000886706846,0.604024967788
239.000000,0.396090588063,0.000490152685,0.000918163546,0.602501095706
240.000000,0.397553774087,0.000509066411,0.000951169337,0.600985990164
241.000000,0.399005406466,0.000528933057,0.000985806487,0.599479853989
242.000000,0.400445131995,0.000549804488,0.001022161992,0.597982901525
243.000000,0.401872577307,0.000571735553,0.001060327847,0.596495359292
244.000000,0.403287347721,0.000594784254,0.001100401335,0.595017466690
245.000000,0.404689026015,0.000619011920,0.001142485329,0.593549476736
246.000000,0.406077171141,0.000644483397,0.001186688612,0.592091656850
247.000000,0.407451316870,0.000671267239,0.001233126211,0.590644289681
248.000000,0.408810970352,0.000699435916,0.001281919753,0.589207673980
249.000000,0.410155610616,0.000729066024,0.001333197834,0.587782125526
250.000000,0.411484686980,0.000760238509,0.001387096410,0.586367978101
251.000000,0.412797617381,0.000793038900,0.001443759203,0.584965584517
252.000000,0.414093786620,0.000827557546,0.001503338129,0.583575317705
253.000000,0.415372544521,0.000863889872,0.001565993748,0.582197571859
254.000000,0.416633204000,0.000902136632,0.001631895723,0.580832763645
255.000000,0.417875039035,0.000942404180,0.001701223314,0.579481333472
256.000000,0.419097282549,0.000984804742,0.001774165878,0.578143746831
257.000000,0.420299124196,0.001029456701,0.001850923395,0.576820495708
258.000000,0.421479708041,0.001076484886,0.001931707014,0.575512100059
259.000000,0.422638130155,0.001126020859,0.002016739611,0.574219109374
260.000000,0.423773436102,0.001178203221,0.002106256372,0.572942104305
261.000000,0.424884618335,0.001233177905,0.002200505381,0.571681698380
262.000000,0.425970613491,0.001291098476,0.002299748234,0.570438539799
263.000000,0.427030299605,0.001352126430,0.002404260656,0.569213313309
264.000000,0.428062493221,0.001416431484,0.002514333131,0.568006742164
265.000000,0.429065946437,0.001484191858,0.002630271534,0.566819590170
266.000000,0.430039343863,0.001555594548,0.002752397770,0.565652663819
267.000000,0.430981299522,0.001630835578,0.002881050402,0.564506814498
268.000000,0.431890353692,0.001710120233,0.003016585282,0.563382940793
269.000000,0.432764969718,0.001793663262,0.003159376153,0.562281990868
270.000000,0.433603530789,0.001881689051,0.003309815238,0.561204964921
271.000000,0.434404336729,0.001974431750,0.003468313798,0.560152917724
272.000000,0.435165600794,0.002072135350,0.003635302636,0.559126961221
273.000000,0.435885446534,0.002175053704,0.003811232566,0.558128267196
274.000000,0.436561904728,0.002283450477,0.003996574802,0.557158069993
275.000000,0.437192910444,0.002397599009,0.004191821270,0.556217669278
276.000000,0.437776300254,0.002517782090,0.004397484825,0.555308432831
277.000000,0.438309809670,0.002644291624,0.004614099351,0.554431799355
278.000000,0.438791070836,0.002777428167,0.004842219717,0.553589281281
279.000000,0.439217610549,0.002917500320,0.005082421584,0.552782467546
280.000000,0.439586848678,0.003064823975,0.005335301019,0.552013026328
281.000000,0.439896097044,0.003219721362,0.005601473896,0.551282707699
282.000000,0.440142558869,0.003382519914,0.005881575051,0.550593346167
283.000000,0.440323328858,0.003553550897,0.006176257167,0.549946863077
284.000000,0.440435394040,0.003733147801,0.006486189336,0.549345268822
285.000000,0.440475635458,0.003921644455,0.006812055273,0.548790664813
286.000000,0.440440830839,0.004119372852,0.007154551140,0.548285245169
287.000000,0.440327658364,0.004326660655,0.007514382926,0.547831298056
288.000000,0.440132701669,0.004543828358,0.007892263356,0.547431206617
289.000000,0.439852456227,0.004771186085,0.008288908265,0.547087449423
290.000000,0.439483337242,0.005009029992,0.008705032405,0.546802600361
291.000000,0.439021689218,0.005257638278,0.009141344622,0.546579327883
292.000000,0.438463797345,0.005517266758,0.009598542375,0.546420393522
293.000000,0.437805900860,0.005788144022,0.010077305540,0.546328649579
294.000000,0.437044208516,0.006070466141,0.010578289463,0.546307035879
295.000000,0.436174916320,0.006364390958,0.011102117229,0.546358575493
296.000000,0.435194227636,0.006670031948,0.011649371113,0.546486369303
297.000000,0.434098375797,0.006987451684,0.012220583208,0.546693589312
298.000000,0.432883649276,0.007316654955,0.012816225203,0.546983470566
299.000000,0.431546419507,0.007657581559,0.013436697339,0.547359301594
300.000000,0.430083171348,0.008010098870,0.014082316559,0.547824413224
301.000000,0.428490536179,0.008373994237,0.014753303887,0.548382165697
302.000000,0.426765327566,0.008748967343,0.015449771132,0.549035933958
303.000000,0.424904579333,0.009134622627,0.016171706985,0.549789091055
304.000000,0.422905585876,0.009530461929,0.016918962645,0.550644989551
305.000000,0.420765944417,0.009935877523,0.017691237133,0.551606940926
306.000000,0.418483598870,0.010350145722,0.018488062487,0.552678192922
307.000000,0.416056884858,0.010772421255,0.019308789047,0.553861904840
308.000000,0.413484575387,0.011201732658,0.020152571121,0.555161120834
309.000000,0.410765926533,0.011636978886,0.021018353306,0.556578741276
310.000000,0.407900722475,0.012076927410,0.021904857809,0.558117492306
311.000000,0.404889319073,0.012520214023,0.022810573138,0.559779893765
312.000000,0.401732685155,0.012965344605,0.023733744532,0.561568225709
313.000000,0.398432440595,0.013410699047,0.024672366557,0.563484493802
314.000000,0.394990890248,0.013854537538,0.025624178282,0.565530393933
315.000000,0.391411052752,0.014295009369,0.026586661439,0.567707276441
316.000000,0.387696683254,0.014730164349,0.027557041979,0.570016110418
317.000000,0.383852289112,0.015157966896,0.028532295396,0.572457448597
318.000000,0.379883137723,0.015576312769,0.029509156132,0.575031393376
319.000000,0.375795255703,0.015983048352,0.030484131346,0.577737564599
320.000000,0.371595418784,0.016375992305,0.031453519216,0.580575069695
321.000000,0.367291131965,0.016752959308,0.032413431872,0.583542476855
322.000000,0.362890599638,0.017111785549,0.033359822944,0.586637791870
323.000000,0.358402685618,0.017450355515,0.034288519570,0.589858439297
324.000000,0.353836863285,0.017766629564,0.035195258613,0.593201248537
325.000000,0.349203156235,0.018058671703,0.036075726666,0.596662445396
326.000000,0.344512070137,0.018324676939,0.036925603304,0.600237649619
327.000000,0.339774516715,0.018562997562,0.037740606931,0.603921878791
328.000000,0.335001730996,0.018772167678,0.038516542419,0.607709558907
329.000000,0.330205183177,0.018950925372,0.039249349665,0.611594541786
330.000000,0.325396486616,0.019098231895,0.039935152117,0.615570129372
331.000000,0.320587303568,0.019213287350,0.040570304247,0.619629104835
332.000000,0.315789250377,0.019295542446,0.041151436963,0.623763770214
333.000000,0.311013803812,0.019344705987,0.041675499964,0.627965990237
334.000000,0.306272210240,0.019360747908,0.042139800066,0.632227241785
335.000000,0.301575399212,0.019343897783,0.042542034655,0.636538668349
336.000000,0.296933902902,0.019294638868,0.042880319512,0.640891138718
337.000000,0.292357782673,0.019213697897,0.043153210394,0.645275309036
338.000000,0.287856563820,0.019102030939,0.043359717945,0.649681687296
339.000000,0.283439179308,0.018960805748,0.043499315649,0.654100699295
340.000000,0.279113923062,0.018791381141,0.043571940764,0.658522755033
341.000000,0.274888413142,0.018595283963,0.043577988320,0.662938314575
342.000000,0.270769564847,0.018374184291,0.043518298468,0.667337952394
343.000000,0.266763573597,0.018129869508,0.043394137612,0.671712419283
344.000000,0.262875907210,0.017864217886,0.043207173905,0.676052700998
345.000000,0.259111307025,0.017579172283,0.042959447808,0.680350072883
346.000000,0.255473797154,0.017276714519,0.042653338488,0.684596149839
347.000000,0.251966701060,0.016958840922,0.042291526906,0.688782931112
348.000000,0.248592664545,0.016627539472,0.041876956466,0.692902839517
349.000000,0.245353684212,0.016284768871,0.041412792106,0.696948754811
350.000000,0.242251140443,0.015932439808,0.040902378668,0.700914041081
351.000000,0.239285833928,0.015572398587,0.040349199371,0.704792568114
352.000000,0.236458024850,0.015206413197,0.039756835114,0.708578726839
353.000000,0.233767473858,0.014836161869,0.039128925257,0.712267439016
354.000000,0.231213484041,0.014463224052,0.038469130465,0.715854161442
355.000000,0.228794943196,0.014089073713,0.037781098063,0.719334885027
356.000000,0.226510365773,0.013715074828,0.037068430274,0.722706129125
357.000000,0.224357933947,0.013342478871,0.036334655611,0.725964931571
358.000000,0.222335537396,0.012972424111,0.035583203588,0.729108834905
359.000000,0.220440811404,0.012605936492,0.034817382837,0.732135869268
360.000000,0.218671173028,0.012243931883,0.034040362632,0.735044532458
361.000000,0.217023855106,0.011887219472,0.033255157768,0.737833767654
362.000000,0.215495937984,0.011536506090,0.032464616651,0.740502939275
363.000000,0.214084378867,0.011192401274,0.031671412442,0.743051807417
364.000000,0.212786038775,0.010855422865,0.030878037045,0.745480501314
365.000000,0.211597707117,0.010526002990,0.030086797699,0.747789492193
366.000000,0.210516123918,0.010204494273,0.029299815917,0.749979565892
367.000000,0.209537999790,0.009891176136,0.028519028517,0.752051795557
368.000000,0.208660033746,0.009586261094,0.027746190477,0.754007514684
369.000000,0.207878928946,0.009289900943,0.026982879342,0.755848290769
370.000000,0.207191406538,0.009002192764,0.026230500951,0.757575899747
371.000000,0.206594217695,0.008723184691,0.025490296216,0.759192301397
372.000000,0.206084153994,0.008452881396,0.024763348762,0.760699615848
373.000000,0.205658056273,0.008191249256,0.024050593188,0.762100101283
374.000000,0.205312822103,0.007938221183,0.023352823791,0.763396132922
375.000000,0.205045411990,0.007693701112,0.022670703574,0.764590183324
376.000000,0.204852854445,0.007457568130,0.022004773383,0.765684804042
377.000000,0.204732250038,0.007229680263,0.021355461067,0.766682608632
378.000000,0.204680774529,0.007009877922,0.020723090533,0.767586257016
379.000000,0.204695681211,0.006797987017,0.020107890615,0.768398441156
380.000000,0.204774302526,0.006593821768,0.019510003682,0.769121872025
381.000000,0.204914051062,0.006397187205,0.018929493920,0.769759267813
382.000000,0.205112420010,0.006207881413,0.018366355252,0.770313343325
383.000000,0.205366983147,0.006025697495,0.017820518851,0.770786800506
384.000000,0.205675394414,0.005850425319,0.017291860231,0.771182320035
385.000000,0.206035387146,0.005681853033,0.016780205897,0.771502553924
386.000000,0.206444773016,0.005519768383,0.016285339549,0.771750119052
387.000000,0.206901440729,0.005363959857,0.015807007842,0.771927591571
388.000000,0.207403354515,0.005214217658,0.015344925710,0.772037502117
389.000000,0.207948552454,0.005070334530,0.014898781251,0.772082331765
390.000000,0.208535144679,0.004932106459,0.014468240205,0.772064508657
391.000000,0.209161311460,0.004799333249,0.014052950036,0.771986405255
392.000000,0.209825301222,0.004671818998,0.013652543624,0.771850336156
393.000000,0.210525428507,0.004549372480,0.013266642604,0.771658556409
394.000000,0.211260071888,0.004431807449,0.012894860370,0.771413260293
395.000000,0.212027671879,0.004318942868,0.012536804751,0.771116580502
396.000000,0.212826728824,0.004210603080,0.012192080403,0.770770587694
397.000000,0.213655800800,0.004106617919,0.011860290918,0.770377290363
398.000000,0.214513501537,0.004006822785,0.011541040688,0.769938634990
399.000000,0.215398498355,0.003911058668,0.011233936529,0.769456506449
400.000000,0.216309510138,0.003819172144,0.010938589096,0.768932728622
401.000000,0.217245305349,0.003731015342,0.010654614104,0.768369065204
402.000000,0.218204700077,0.003646445888,0.010381633368,0.767767220667
403.000000,0.219186556138,0.003565326822,0.010119275687,0.767128841353
404.000000,0.220189779224,0.003487526504,0.009867177582,0.766455516690
405.000000,0.221213317097,0.003412918511,0.009624983905,0.765748780487
406.000000,0.222256157845,0.003341381510,0.009392348327,0.765010112319
407.000000,0.223317328181,0.003272799135,0.009168933730,0.764240938954
408.000000,0.224395891807,0.003207059852,0.008954412500,0.763442635841
409.000000,0.225490947821,0.003144056820,0.008748466741,0.762616528618
410.000000,0.226601629186,0.003083687750,0.008550788417,0.761763894647
411.000000,0.227727101253,0.003025854759,0.008361079430,0.760885964558
412.000000,0.228866560329,0.002970464230,0.008179051642,0.759983923799
413.000000,0.230019232305,0.002917426664,0.008004426854,0.759058914177
414.000000,0.231184371330,0.002866656540,0.007836936737,0.758112035393
415.000000,0.232361258538,0.002818072174,0.007676322730,0.757144346558
416.000000,0.233549200821,0.002771595578,0.007522335915,0.756156867686
417.000000,0.234747529651,0.002727152327,0.007374736851,0.755150581171
418.000000,0.235955599944,0.002684671425,0.007233295408,0.754126433222
419.000000,0.237172788974,0.002644085177,0.007097790563,0.753085335286
420.000000,0.238398495322,0.002605329060,0.006968010197,0.752028165420
421.000000,0.239632137876,0.002568341606,0.006843750878,0.750955769640
422.000000,0.240873154858,0.002533064281,0.006724817629,0.749868963231
423.000000,0.242121002904,0.002499441373,0.006611023700,0.748768532024
424.000000,0.243375156165,0.002467419878,0.006502190329,0.747655233628
425.000000,0.244635105456,0.002436949404,0.006398146506,0.746529798634
426.000000,0.245900357432,0.002407982058,0.006298728733,0.745392931777
427.000000,0.247170433797,0.002380472356,0.006203780786,0.744245313060
428.000000,0.248444870544,0.002354377129,0.006113153481,0.743087598845
429.000000,0.249723217228,0.002329655431,0.006026704441,0.741920422901
430.000000,0.251005036260,0.002306268452,0.005944297862,0.740744397425
431.000000,0.252289902236,0.002284179443,0.005865804299,0.739560114022
432.000000,0.253577401285,0.002263353630,0.005791100434,0.738368144651
433.000000,0.254867130446,0.002243758143,0.005720068874,0.737169042537
434.000000,0.256158697064,0.002225361947,0.005652597933,0.735963343056
435.000000,0.257451718214,0.002208135769,0.005588581437,0.734751564580
436.000000,0.258745820139,0.002192052037,0.005527918525,0.733534209299
437.000000,0.260040637714,0.002177084820,0.005470513461,0.732311764005
438.000000,0.261335813927,0.002163209765,0.005416275450,0.731084700858
439.000000,0.262630999374,0.002150404045,0.005365118466,0.729853478115
440.000000,0.263925851782,0.002138646307,0.005316961078,0.728618540834
441.000000,0.265220035531,0.002127916618,0.005271726290,0.727380321561
442.000000,0.266513221213,0.002118196425,0.005229341385,0.726139240977
443.000000,0.267805085185,0.002109468501,0.005189737777,0.724895708537
444.000000,0.269095309148,0.002101716912,0.005152850863,0.723650123078
445.000000,0.270383579738,0.002094926968,0.005118619891,0.722402873403
446.000000,0.271669588125,0.002089085193,0.005086987828,0.721154338853
447.000000,0.272953029626,0.002084179285,0.005057901235,0.719904889853
448.000000,0.274233603331,0.002080198083,0.005031310147,0.718654888439
449.000000,0.275511011736,0.002077131534,0.005007167961,0.717404688770
450.000000,0.276784960387,0.002074970665,0.004985431327,0.716154637621
451.000000,0.278055157535,0.002073707556,0.004966060048,0.714905074861
452.000000,0.279321313800,0.002073335308,0.004949016982,0.713656333911
453.000000,0.280583141837,0.002073848022,0.004934267944,0.712408742197
454.000000,0.281840356021,0.002075240775,0.004921781628,0.711162621575
455.000000,0.283092672129,0.002077509598,0.004911529516,0.709918288756
456.000000,0.284339807034,0.002080651452,0.004903485803,0.708676055712
457.000000,0.285581478406,0.002084664210,0.004897627318,0.707436230065
458.000000,0.286817404419,0.002089546641,0.004893933461,0.706199115479
459.000000,0.288047303459,0.002095298389,0.004892386130,0.704965012022
460.000000,0.289270893849,0.002101919957,0.004892969656,0.703734216538
461.000000,0.290487893567,0.002109412690,0.004895670752,0.702507022991
462.000000,0.291698019978,0.002117778765,0.004900478446,0.701283722811
463.000000,0.292900989565,0.002127021171,0.004907384033,0.700064605230
464.000000,0.294096517673,0.002137143698,0.004916381025,0.698849957604
465.000000,0.295284318246,0.002148150923,0.004927465099,0.697640065732
466.000000,0.296464103581,0.002160048200,0.004940634052,0.696435214167
467.000000,0.297635584079,0.002172841643,0.004955887760,0.695235686518
468.000000,0.298798468001,0.002186538119,0.004973228135,0.694041765745
469.000000,0.299952461233,0.002201145232,0.004992659083,0.692853734451
470.000000,0.301097267051,0.002216671316,0.005014186470,0.691671875163
471.000000,0.302232585892,0.002233125416,0.005037818084,0.690496470608
472.000000,0.303358115132,0.002250517285,0.005063563595,0.689327803987
473.000000,0.304473548867,0.002268857366,0.005091434530,0.688166159238
474.000000,0.305578577696,0.002288156781,0.005121444229,0.687011821295
475.000000,0.306672888516,0.002308427317,0.005153607820,0.685865076347
476.000000,0.307756164319,0.002329681419,0.005187942183,0.684726212080
477.000000,0.308828083994,0.002351932165,0.005224465916,0.683595517925
478.000000,0.309888322136,0.002375193262,0.005263199305,0.682473285297
479.000000,0.310936548862,0.002399479022,0.005304164291,0.681359807825
480.000000,0.311972429637,0.002424804352,0.005347384432,0.680255381579
481.000000,0.312995625101,0.002451184730,0.005392884873,0.679160305296
482.000000,0.314005790909,0.002478636190,0.005440692309,0.678074880592
483.000000,0.315002577582,0.002507175297,0.005490834946,0.676999412176
484.000000,0.315985630358,0.002536819128,0.005543342462,0.675934208052
485.000000,0.316954589066,0.002567585248,0.005598245969,0.674879579718
486.000000,0.317909088003,0.002599491677,0.005655577963,0.673835842357
487.000000,0.318848755820,0.002632556872,0.005715372285,0.672803315024
488.000000,0.319773215432,0.002666799683,0.005777664065,0.671782320819
489.000000,0.320682083932,0.002702239333,0.005842489674,0.670773187061
490.000000,0.321574972521,0.002738895370,0.005909886663,0.669776245446
491.000000,0.322451486460,0.002776787635,0.005979893705,0.668791832200
492.000000,0.323311225033,0.002815936216,0.006052550526,0.667820288225
493.000000,0.324153781531,0.002856361404,0.006127897841,0.666861959224
494.000000,0.324978743258,0.002898083640,0.006205977268,0.665917195834
495.000000,0.325785691552,0.002941123467,0.006286831255,0.664986353725
496.000000,0.326574201836,0.002985501469,0.006370502987,0.664069793707
497.000000,0.327343843688,0.003031238209,0.006457036294,0.663167881809
498.000000,0.328094180941,0.003078354165,0.006546475544,0.662280989350
499.000000,0.328824771805,0.003126869659,0.006638865538,0.661409492999
500.000000,0.329535169026,0.003176804779,0.006734251390,0.660553774804
501.000000,0.330224920072,0.003228179302,0.006832678402,0.659714222224
502.000000,0.330893567350,0.003281012603,0.006934191924,0.658891228123
503.000000,0.331540648459,0.003335323570,0.007038837215,0.658085190755
504.000000,0.332165696488,0.003391130501,0.007146659284,0.657296513727
505.000000,0.332768240340,0.003448451003,0.007257702724,0.656525605933
506.000000,0.333347805107,0.003507301885,0.007372011536,0.655772881471
507.000000,0.333903912482,0.003567699041,0.007489628946,0.655038759531
508.000000,0.334436081222,0.003629657327,0.007610597196,0.654323664254
509.000000,0.334943827653,0.003693190440,0.007734957343,0.653628024564
510.000000,0.335426666226,0.003758310777,0.007862749025,0.652952273973
511.000000,0.335884110125,0.003825029298,0.007994010233,0.652296850344
512.000000,0.336315671930,0.003893355383,0.008128777056,0.651662195631
513.000000,0.336720864329,0.003963296675,0.008267083421,0.651048755576
514.000000,0.337099200892,0.004034858924,0.008408960814,0.650456979371
515.000000,0.337450196903,0.004108045823,0.008554437996,0.649887319278
516.000000,0.337773370251,0.004182858841,0.008703540694,0.649340230215
517.000000,0.338068242381,0.004259297042,0.008856291290,0.648816169287
518.000000,0.338334339308,0.004337356914,0.009012708491,0.648315595287
519.000000,0.338571192697,0.004417032178,0.009172806988,0.647838968137
520.000000,0.338778341003,0.004498313608,0.009336597102,0.647386748288
521.000000,0.338955330678,0.004581188833,0.009504084417,0.646959396072
522.000000,0.339101717441,0.004665642152,0.009675269410,0.646557370997
523.000000,0.339217067609,0.004751654336,0.009850147060,0.646181130995
524.000000,0.339300959500,0.004839202434,0.010028706454,0.645831131612
525.000000,0.339352984883,0.004928259583,0.010210930387,0.645507825147
526.000000,0.339372750506,0.005018794809,0.010396794951,0.645211659734
527.000000,0.339359879664,0.005110772847,0.010586269121,0.644943078367
528.000000,0.339314013838,0.005204153950,0.010779314342,0.644702517869
529.000000,0.339234814372,0.005298893713,0.010975884109,0.644490407807
530.000000,0.339121964207,0.005394942902,0.011175923550,0.644307169342
531.000000,0.338975169655,0.005492247292,0.011379369016,0.644153214038
532.000000,0.338794162212,0.005590747516,0.011586147674,0.644028942598
533.000000,0.338578700399,0.005690378929,0.011796177110,0.643934743562
534.000000,0.338328571631,0.005791071480,0.012009364946,0.643870991943
535.000000,0.338043594108,0.005892749612,0.012225608467,0.643838047813
536.000000,0.337723618707,0.005995332168,0.012444794276,0.643836254849
537.000000,0.337368530882,0.006098732327,0.012666797962,0.643865938829
538.000000,0.336978252551,0.006202857561,0.012891483802,0.643927406086
539.000000,0.336552743968,0.006307609615,0.013118704489,0.644020941928
540.000000,0.336092005561,0.006412884515,0.013348300897,0.644146809028
541.000000,0.335596079733,0.006518572605,0.013580101879,0.644305245782
542.000000,0.335065052610,0.006624558617,0.013813924120,0.644496464653
543.000000,0.334499055719,0.006730721768,0.014049572020,0.644720650493
544.000000,0.333898267589,0.006836935901,0.014286837645,0.644977958865
545.000000,0.333262915268,0.006943069652,0.014525500720,0.645268514360
546.000000,0.332593275723,0.007048986660,0.014765328690,0.645592408927
547.000000,0.331889677131,0.007154545815,0.015006076838,0.645949700216
548.000000,0.331152500033,0.007259601538,0.015247488477,0.646340409952
549.000000,0.330382178341,0.007364004114,0.015489295203,0.646764522342
550.000000,0.329579200197,0.007467600050,0.015731217227,0.647221982525
551.000000,0.328744108645,0.007570232481,0.015972963783,0.647712695091
552.000000,0.327877502130,0.007671741612,0.016214233608,0.648236522650
553.000000,0.326980034802,0.007771965195,0.016454715505,0.648793284498
554.000000,0.326052416608,0.007870739049,0.016694088988,0.649382755354
555.000000,0.325095413176,0.007967897608,0.016932025000,0.650004664215
556.000000,0.324109845472,0.008063274500,0.017168186719,0.650658693310
557.000000,0.323096589226,0.008156703159,0.017402230433,0.651344477182
558.000000,0.322056574123,0.008248017464,0.017633806505,0.652061601908
559.000000,0.320990782757,0.008337052392,0.017862560398,0.652809604453
560.000000,0.319900249338,0.008423644699,0.018088133777,0.653587972186
561.000000,0.318786058160,0.008507633607,0.018310165676,0.654396142556
562.000000,0.317649341825,0.008588861505,0.018528293730,0.655233502940
563.000000,0.316491279232,0.008667174648,0.018742155447,0.656099390672
